TopScore;Date
2214;1605267599289
2214;1605267599289
2214;1605267599289
2214;1605267599289
2214;1605267599289
2214;1605267599289
2214;1605267599289
2214;1605267599289
2214;1605267599289
2214;1605267599289
2214;1605267599289
2214;1605267599289
2214;1605267599289
2214;1605267599289
2214;1605267599289
2214;1605267599289
2198;1605266691236
2198;1605266691236
2198;1605266691236
2198;1605266691236
2198;1605266691236
2198;1605266691236
2198;1605266691236
2198;1605266691236
2198;1605266691236
2198;1605266691236
2198;1605266691236
2198;1605266691236
2198;1605266691236
2198;1605266691236
2198;1605266691236
2198;1605266691236
2198;1605266691236
2198;1605266691236
2198;1605266691236
2198;1605266691236
2198;1605266691236
2198;1605266691236
2198;1605266691236
2198;1605266691236
2198;1605266691236
2198;1605266691236
2198;1605266691236
2198;1605266691236
2198;1605266691236
2198;1605266691236
2198;1605266691236
2198;1605266691236
225;1605267535018
225;1605267535018
225;1605267535018
225;1605267535018
225;1605267535018
225;1605267535018
225;1605267535018
225;1605267535018
225;1605267535018
225;1605267535018
225;1605267535018
225;1605267535018
225;1605267535018
225;1605267535018
225;1605267535018
225;1605267535018
215;1605266835488
215;1605266835488
215;1605266835488
215;1605266835488
215;1605266835488
215;1605266835488
215;1605266835488
215;1605266835488
215;1605266835488
215;1605266835488
215;1605266835488
215;1605266835488
215;1605266835488
215;1605266835488
215;1605266835488
215;1605266835488
207;1605266853194
207;1605266853194
207;1605266853194
207;1605266853194
207;1605266853194
207;1605266853194
207;1605266853194
207;1605266853194
207;1605266853194
207;1605266853194
207;1605266853194
207;1605266853194
207;1605266853194
207;1605266853194
207;1605266853194
207;1605266853194
196;1605271916671
196;1605271916671
196;1605271916671
196;1605271916671
196;1605271916671
196;1605271916671
196;1605271916671
196;1605271916671
196;1605271916671
196;1605271916671
196;1605271916671
196;1605271916671
196;1605271916671
196;1605271916671
196;1605271916671
196;1605271916671
189;1605266741223
189;1605266742047
189;1605266741223
189;1605266741223
189;1605266742047
189;1605266741223
189;1605266741223
189;1605266742047
189;1605266741223
189;1605266741223
189;1605266742047
189;1605266741223
189;1605266741223
189;1605266742047
189;1605266741223
189;1605266741223
189;1605266742047
189;1605266741223
189;1605266741223
189;1605266742047
189;1605266741223
189;1605266741223
189;1605266742047
189;1605266741223
189;1605266741223
189;1605266742047
189;1605266741223
189;1605266741223
189;1605266742047
189;1605266741223
189;1605266741223
189;1605266742047
189;1605266741223
189;1605266741223
189;1605266742047
189;1605266741223
189;1605266741223
189;1605266742047
189;1605266741223
189;1605266741223
189;1605266742047
189;1605266741223
189;1605266741223
189;1605266742047
189;1605266741223
189;1605266741223
189;1605266742047
189;1605266741223
175;1605268290661
175;1605268290661
175;1605268290661
175;1605268290661
175;1605268290661
175;1605268290661
175;1605268290661
175;1605268290661
175;1605268290661
175;1605268290661
175;1605268290661
175;1605268290661
175;1605268290661
175;1605268290661
175;1605268290661
175;1605268290661
126;1605267546116
126;1605267546116
126;1605267546116
126;1605267546116
126;1605267546116
126;1605267546116
126;1605267546116
126;1605267546116
126;1605267546116
126;1605267546116
126;1605267546116
126;1605267546116
126;1605267546116
126;1605267546116
126;1605267546116
126;1605267546116
125;1605267559874
125;1605267553441
125;1605267559874
125;1605267553441
125;1605267559874
125;1605267553441
125;1605267559874
125;1605267553441
125;1605267559874
125;1605267553441
125;1605267559874
125;1605267553441
125;1605267559874
125;1605267553441
125;1605267559874
125;1605267553441
125;1605267559874
125;1605267553441
125;1605267559874
125;1605267553441
125;1605267559874
125;1605267553441
125;1605267559874
125;1605267553441
125;1605267559874
125;1605267553441
125;1605267559874
125;1605267553441
125;1605267559874
125;1605267553441
125;1605267559874
125;1605267553441
124;1605267615613
124;1605267565595
124;1605267615613
124;1605267565595
124;1605267615613
124;1605267565595
124;1605267615613
124;1605267565595
124;1605267615613
124;1605267565595
124;1605267615613
124;1605267565595
124;1605267615613
124;1605267565595
124;1605267615613
124;1605267565595
124;1605267615613
124;1605267565595
124;1605267615613
124;1605267565595
124;1605267615613
124;1605267565595
124;1605267615613
124;1605267565595
124;1605267615613
124;1605267565595
124;1605267615613
124;1605267565595
124;1605267615613
124;1605267565595
124;1605267615613
124;1605267565595
123;1605267629120
123;1605267609680
123;1605267629120
123;1605267609680
123;1605267629120
123;1605267609680
123;1605267629120
123;1605267609680
123;1605267629120
123;1605267609680
123;1605267629120
123;1605267609680
123;1605267629120
123;1605267609680
123;1605267629120
123;1605267609680
123;1605267629120
123;1605267609680
123;1605267629120
123;1605267609680
123;1605267629120
123;1605267609680
123;1605267629120
123;1605267609680
123;1605267629120
123;1605267609680
123;1605267629120
123;1605267609680
123;1605267629120
123;1605267609680
123;1605267629120
123;1605267609680
37;1605272683548
0;1605272724237
0;1605272455210
0;1605272448370
0;1605272422330
0;1605272420844
0;1605268313071
0;1605268224971
0;1605272448540
0;1605272448370
0;1605272422330
0;1605272420844
0;1605268313071
0;1605268224971
0;1605272448699
0;1605272448370
0;1605272422330
0;1605272420844
0;1605268313071
0;1605268224971
0;1605272448540
0;1605272448370
0;1605272422330
0;1605272420844
0;1605268313071
0;1605268224971
0;1605272450300
0;1605272448370
0;1605272422330
0;1605272420844
0;1605268313071
0;1605268224971
0;1605272448540
0;1605272448370
0;1605272422330
0;1605272420844
0;1605268313071
0;1605268224971
0;1605272448699
0;1605272448370
0;1605272422330
0;1605272420844
0;1605268313071
0;1605268224971
0;1605272448540
0;1605272448370
0;1605272422330
0;1605272420844
0;1605268313071
0;1605268224971
0;1605272455355
0;1605272455210
0;1605272448370
0;1605272422330
0;1605272420844
0;1605268313071
0;1605268224971
0;1605272448540
0;1605272448370
0;1605272422330
0;1605272420844
0;1605268313071
0;1605268224971
0;1605272448699
0;1605272448370
0;1605272422330
0;1605272420844
0;1605268313071
0;1605268224971
0;1605272448540
0;1605272448370
0;1605272422330
0;1605272420844
0;1605268313071
0;1605268224971
0;1605272450300
0;1605272448370
0;1605272422330
0;1605272420844
0;1605268313071
0;1605268224971
0;1605272448540
0;1605272448370
0;1605272422330
0;1605272420844
0;1605268313071
0;1605268224971
0;1605272448699
0;1605272448370
0;1605272422330
0;1605272420844
0;1605268313071
0;1605268224971
0;1605272448540
0;1605272448370
0;1605272422330
0;1605272420844
0;1605268313071
0;1605268224971
